V1	wc2.1_30s_bio_2	wc2.1_30s_bio_6	wc2.1_30s_bio_8	wc2.1_30s_bio_13	wc2.1_30s_bio_14	wc2.1_30s_bio_18
SYST-MOR-0006721.bam	12.7833337783813	-6.90000009536743	17.8500003814697	111	51	262
SYST-MOR-0006722.bam	12.7833337783813	-6.90000009536743	17.8500003814697	111	51	262
SYST-MOR-0006723.bam	12.7833337783813	-6.90000009536743	17.8500003814697	111	51	262
SYST-MOR-0006724.bam	12.7833337783813	-6.90000009536743	17.8500003814697	111	51	262
SYST-MOR-0006725.bam	12.7833337783813	-6.90000009536743	17.8500003814697	111	51	262
SYST-MOR-0006729.bam	11.25	-10.1999998092651	22.216667175293	104	37	303
SYST-MOR-0006731.bam	11.25	-10.1999998092651	22.216667175293	104	37	303
SYST-MOR-0006735.bam	11.25	-10.1999998092651	22.216667175293	104	37	303
SYST-MOR-0006737.bam	11.25	-10.1999998092651	22.216667175293	104	37	303
SYST-MOR-0006738.bam	11.2416667938232	-10.1999998092651	22.25	104	37	303
SYST-MOR-0006740.bam	11.2416667938232	-10.1999998092651	22.25	104	37	303
SYST-MOR-0006753.bam	11.4833335876465	-5.09999990463257	13.4166669845581	121	70	295
SYST-MOR-0006755.bam	11.4833335876465	-5.09999990463257	13.4166669845581	121	70	295
SYST-MOR-0006758.bam	11.4833335876465	-5.09999990463257	13.4166669845581	121	70	295
SYST-MOR-0006759.bam	11.4833335876465	-5.09999990463257	13.4000005722046	121	69	294
SYST-MOR-0006761.bam	11.4833335876465	-5.09999990463257	13.4166669845581	121	70	295
SYST-MOR-0006763.bam	11.8583326339722	-3.79999995231628	14.3666667938232	131	83	291
SYST-MOR-0006764.bam	11.8583326339722	-3.79999995231628	14.3666667938232	131	83	291
SYST-MOR-0006765.bam	11.8583326339722	-3.79999995231628	14.3666667938232	131	83	291
SYST-MOR-0006767.bam	11.8249998092651	-3.79999995231628	14.3000001907349	131	83	291
SYST-MOR-0006770.bam	11.8583326339722	-3.79999995231628	14.3666667938232	131	83	291
SYST-MOR-0006772.bam	11.8583326339722	-3.79999995231628	14.3666667938232	131	83	291
SYST-MOR-0006775.bam	11.8583335876465	-3.79999995231628	14.3166666030884	131	83	292
SYST-MOR-0006778.bam	11.75	-13	20.4333343505859	128	20	338
SYST-MOR-0006779.bam	11.7416667938232	-13.1000003814697	20.3500003814697	129	20	340
SYST-MOR-0006780.bam	11.7416667938232	-13.1000003814697	20.3500003814697	129	20	340
SYST-MOR-0006781.bam	11.75	-13	20.4333343505859	128	20	338
SYST-MOR-0006782.bam	11.75	-13	20.4333343505859	128	20	338
SYST-MOR-0006791.bam	11.6416664123535	-10.1000003814697	22.25	117	29	316
SYST-MOR-0006792.bam	11.6416664123535	-10.1000003814697	22.25	117	29	316
SYST-MOR-0006798.bam	11.3833332061768	-12.1999998092651	22.75	118	25	339
SYST-MOR-0006799.bam	11.4166669845581	-12.1999998092651	22.6833324432373	118	25	338
SYST-MOR-0006801.bam	11.3833332061768	-12.1999998092651	22.75	118	25	339
SYST-MOR-0006802.bam	11.6750001907349	-12.5	22.216667175293	117	25	334
SYST-MOR-0006803.bam	12.125	-6.40000009536743	12.9166669845581	106	50	261
SYST-MOR-0006804.bam	12.125	-6.40000009536743	12.9166669845581	106	50	261
SYST-MOR-0006805.bam	12.125	-6.40000009536743	12.9166669845581	106	50	261
SYST-MOR-0006821.bam	12.6750001907349	-6.19999980926514	18.2000007629395	127	40	288
SYST-MOR-0006844.bam	13.2333335876465	-4.30000019073486	20.0499992370605	124	24	220
SYST-MOR-0006852.bam	13.1416664123535	-4.30000019073486	19.8833332061768	124	24	224
SYST-MOR-0006853.bam	13.1416664123535	-4.30000019073486	19.8833332061768	124	24	224
SYST-MOR-0006854.bam	13.1416664123535	-4.30000019073486	19.8833332061768	124	24	224
SYST-MOR-0006857.bam	13.1416664123535	-5.59999990463257	19.3500003814697	131	31	274
SYST-MOR-0006858.bam	13.1416664123535	-5.59999990463257	19.3500003814697	131	31	274
SYST-MOR-0006861.bam	13.1416664123535	-5.59999990463257	19.3500003814697	131	31	274
SYST-MOR-0006862.bam	13.1416664123535	-5.59999990463257	19.3500003814697	131	31	274
SYST-MOR-0006866.bam	13.1416664123535	-5.59999990463257	19.3500003814697	131	31	274
SYST-MOR-0006870.bam	12.6666669845581	-3.29999995231628	14.0500001907349	136	80	314
SYST-MOR-0006872.bam	12.6666669845581	-3.29999995231628	14.0500001907349	136	80	314
SYST-MOR-0006873.bam	12.6666669845581	-3.29999995231628	14.0500001907349	136	80	314
SYST-MOR-0006875.bam	12.6666669845581	-3.29999995231628	14.0500001907349	136	80	314
SYST-MOR-0006878.bam	12.6666669845581	-3.29999995231628	14.0500001907349	136	80	314
SYST-MOR-0006890.bam	12.5416669845581	-5.19999980926514	12.75	118	73	311
SYST-MOR-0006891.bam	11.8000001907349	-5.19999980926514	21.7999992370605	120	70	323
SYST-MOR-0006892.bam	11.8000001907349	-5.19999980926514	21.7999992370605	120	70	323
SYST-MOR-0006893.bam	11.8083333969116	-5.19999980926514	21.7999992370605	120	69	323
SYST-MOR-0006894.bam	11.8083333969116	-5.09999990463257	21.8833332061768	120	70	323
SYST-MOR-0006897.bam	12.3499994277954	-6	11.5833330154419	118	71	314
SYST-MOR-0006899.bam	12.3499994277954	-6	11.5833330154419	118	71	314
SYST-MOR-0006903.bam	12.4333333969116	-6	11.6333332061768	118	71	313
SYST-MOR-0006904.bam	12.3999996185303	-6	11.6000003814697	118	71	313
SYST-MOR-0006906.bam	12.4333333969116	-6	11.6333332061768	118	71	313
SYST-MOR-0006907.bam	12.0249996185303	-5.5	20.9833335876465	120	70	319
SYST-MOR-0006908.bam	12.0249996185303	-5.5	20.9833335876465	120	70	319
SYST-MOR-0006909.bam	12.0249996185303	-5.5	20.9833335876465	120	70	319
SYST-MOR-0006911.bam	11.9833335876465	-5.40000009536743	21	120	70	320
SYST-MOR-0006912.bam	11.9833335876465	-5.40000009536743	21	120	70	320
SYST-MOR-0006932.bam	11.375	-4.40000009536743	13.3166666030884	123	74	286
SYST-MOR-0006933.bam	11.375	-4.40000009536743	13.3166666030884	123	74	286
SYST-MOR-0006934.bam	11.375	-4.40000009536743	13.3166666030884	123	74	286
SYST-MOR-0006935.bam	11.9583330154419	-4.40000009536743	13.5166664123535	122	74	286
SYST-MOR-0006936.bam	11.375	-4.40000009536743	13.3166666030884	123	74	286
SYST-MOR-0006937.bam	11.7083330154419	-14.1999998092651	20.6499996185303	103	26	298
SYST-MOR-0006942.bam	11.7083330154419	-14.1999998092651	20.6499996185303	103	26	298
SYST-MOR-0006943.bam	11.1833333969116	-15.6999998092651	19.25	107	22	318
SYST-MOR-0006944.bam	11.1833333969116	-15.6999998092651	19.25	107	22	318
SYST-MOR-0006945.bam	11.1833333969116	-15.6999998092651	19.25	107	22	318
SYST-MOR-0006947.bam	11.1833333969116	-15.6999998092651	19.25	107	22	318
SYST-MOR-0006948.bam	11.25	-15.6000003814697	20.5833339691162	106	22	315
SYST-MOR-0006955.bam	12.1416664123535	-19.1000003814697	17.3833332061768	111	22	310
SYST-MOR-0006956.bam	12.1416664123535	-19.1000003814697	17.3833332061768	111	22	310
SYST-MOR-0006957.bam	12.1416664123535	-19.1000003814697	17.3833332061768	111	22	310
SYST-MOR-0006958.bam	12.1416664123535	-19.1000003814697	17.3833332061768	111	22	310
SYST-MOR-0006959.bam	12.1416664123535	-19.1000003814697	17.3833332061768	111	22	310
SYST-MOR-0006960.bam	10.9916667938232	-12.8000001907349	19.5666656494141	103	28	300
SYST-MOR-0006961.bam	10.9916667938232	-12.8000001907349	19.5666656494141	103	28	300
SYST-MOR-0006962.bam	10.9916667938232	-12.8000001907349	19.6166667938232	103	28	298
SYST-MOR-0006963.bam	10.9916667938232	-12.8000001907349	19.6166667938232	103	28	298
SYST-MOR-0006968.bam	10.9916667938232	-12.8000001907349	19.6166667938232	103	28	298
SYST-MOR-0006973.bam	11.6333332061768	-9.80000019073486	19.1000003814697	92	42	266
SYST-MOR-0006975.bam	11.6333332061768	-9.80000019073486	19.1000003814697	92	42	266
SYST-MOR-0006977.bam	11.6333332061768	-9.80000019073486	19.1000003814697	92	42	266
SYST-MOR-0006979.bam	11.6333332061768	-9.80000019073486	19.1000003814697	92	42	266
SYST-MOR-0006980.bam	11.6333332061768	-9.80000019073486	19.1000003814697	92	42	266
SYST-MOR-0006999.bam	10.5333337783813	-9.69999980926514	20.2000007629395	87	40	241
SYST-MOR-0007001.bam	10.5500001907349	-9.69999980926514	20.2333335876465	87	40	241
SYST-MOR-0007002.bam	10.5500001907349	-9.69999980926514	20.2333335876465	87	40	241
SYST-MOR-0007003.bam	10.5500001907349	-9.69999980926514	20.2333335876465	87	40	241
SYST-MOR-0007014.bam	10.9250001907349	-10	19.25	89	35	239
SYST-MOR-0007016.bam	11.6916666030884	-7.59999990463257	22.5166664123535	134	30	326
SYST-MOR-0007018.bam	11.6916666030884	-7.59999990463257	22.5166664123535	134	30	326
SYST-MOR-0007020.bam	11.7333335876465	-7.69999980926514	22.4333324432373	134	30	325
SYST-MOR-0007022.bam	11.7333335876465	-7.69999980926514	22.4333324432373	134	30	325
SYST-MOR-0007024.bam	11.7333335876465	-7.69999980926514	22.4333324432373	134	30	325
SYST-MOR-0007037.bam	12.9333333969116	-8.60000038146973	22.5166664123535	134	22	321
SYST-MOR-0007038.bam	12.9333333969116	-8.60000038146973	22.5166664123535	134	22	321
SYST-MOR-0007040.bam	12.9333333969116	-8.60000038146973	22.5166664123535	134	22	321
SYST-MOR-0007042.bam	12.9333333969116	-8.60000038146973	22.5166664123535	134	22	321
SYST-MOR-0007045.bam	12.9333333969116	-8.60000038146973	22.5166664123535	134	22	321
SYST-MOR-0007066.bam	9.90000057220459	-7.5	20.0833339691162	91	46	256
SYST-MOR-0007069.bam	9.90000057220459	-7.5	20.0833339691162	91	46	256
SYST-MOR-0007070.bam	9.90000057220459	-7.5	20.0833339691162	91	46	256
SYST-MOR-0007071.bam	10.2583332061768	-13.1000003814697	8.91666698455811	109	67	253
SYST-MOR-0007072.bam	10.2250003814697	-13	8.93333339691162	109	67	251
SYST-MOR-0007073.bam	10.2250003814697	-13	8.93333339691162	109	67	251
SYST-MOR-0007076.bam	10.2250003814697	-13	8.93333339691162	109	67	251
SYST-MOR-0007085.bam	11.9416666030884	-12.8000001907349	18.6833324432373	100	50	264
SYST-MOR-0007086.bam	11.9416666030884	-12.8000001907349	18.6833324432373	100	50	264
SYST-MOR-0007112.bam	12.2916669845581	-11.1000003814697	17.5666675567627	109	76	313
SYST-MOR-0007115.bam	12.0666666030884	-11.6999998092651	17.0833339691162	105	74	304
SYST-MOR-0007116.bam	12.1833333969116	-11.6000003814697	17.2333335876465	105	73	305
SYST-MOR-0007117.bam	12.1833333969116	-11.6000003814697	17.2333335876465	105	73	305
SYST-MOR-0007118.bam	12.1833333969116	-11.6000003814697	17.2333335876465	105	73	305
SYST-MOR-0007123.bam	12.3583335876465	-11.1000003814697	17.5833339691162	107	73	310
SYST-MOR-0007126.bam	12.3583335876465	-11.1000003814697	17.5833339691162	107	73	310
SYST-MOR-0007130.bam	12.3583335876465	-1	16.8666667938232	137	79	268
SYST-MOR-0007132.bam	12.3583335876465	-1	16.8666667938232	137	79	268
SYST-MOR-0007137.bam	12.3583335876465	-1	16.8666667938232	137	79	268
SYST-MOR-0007143.bam	12.3583335876465	-1	16.8666667938232	137	79	268
SYST-MOR-0007146.bam	12.3083333969116	-1	16.8500003814697	137	80	269
SYST-MOR-0007150.bam	10.7583332061768	5.40000009536743	27.4833335876465	151	69	368
SYST-MOR-0007151.bam	10.7583332061768	5.40000009536743	27.4833335876465	151	69	368
SYST-MOR-0007152.bam	10.7583332061768	5.40000009536743	27.4833335876465	151	69	368
SYST-MOR-0007153.bam	10.7916660308838	5.30000019073486	27.4499988555908	150	69	368
SYST-MOR-0007156.bam	10.8083333969116	5.30000019073486	27.466667175293	150	69	366
SYST-MOR-0007159.bam	12.9083337783813	3.70000004768372	23.6333332061768	123	44	207
SYST-MOR-0007161.bam	12.9083337783813	3.70000004768372	23.6333332061768	123	44	207
SYST-MOR-0007163.bam	12.9250001907349	3.70000004768372	23.6499996185303	123	44	207
SYST-MOR-0007164.bam	12.9250001907349	3.70000004768372	23.6499996185303	123	44	207
SYST-MOR-0007168.bam	12.9250001907349	3.70000004768372	23.6499996185303	123	44	207
SYST-MOR-0007171.bam	11.7666664123535	1.39999997615814	22.6166667938232	124	47	187
SYST-MOR-0007174.bam	11.7666664123535	1.39999997615814	22.6166667938232	124	47	190
SYST-MOR-0007176.bam	11.716667175293	1.39999997615814	22.5666675567627	124	47	188
SYST-MOR-0007177.bam	11.7416667938232	1.39999997615814	22.533332824707	124	47	187
SYST-MOR-0007179.bam	11.6416664123535	1.39999997615814	22.3999996185303	124	47	187
SYST-MOR-0007181.bam	10.5500001907349	-10.3000001907349	21.6499996185303	105	34	294
SYST-MOR-0007183.bam	10.5500001907349	-10.3000001907349	21.6499996185303	105	34	294
SYST-MOR-0007188.bam	10.5	-10.3000001907349	21.5666656494141	104	35	292
SYST-MOR-0007190.bam	10.5	-10.3000001907349	21.5666656494141	104	35	292
SYST-MOR-0007193.bam	10.5	-10.3000001907349	21.5666656494141	104	35	292
SYST-MOR-0007200.bam	11.3666667938232	-8.89999961853027	22.5666656494141	104	42	297
SYST-MOR-0007206.bam	11.0416669845581	-9.10000038146973	19.6333332061768	105	51	294
SYST-MOR-0007207.bam	11.0416669845581	-9.10000038146973	19.6333332061768	105	51	294
SYST-MOR-0007208.bam	11.0416669845581	-9.10000038146973	19.6333332061768	105	51	294
SYST-MOR-0007219.bam	11.8249998092651	-7.19999980926514	20.8166675567627	123	63	308
SYST-MOR-0007220.bam	11.8249998092651	-7.19999980926514	20.8166675567627	123	63	308
SYST-MOR-0007221.bam	11.7750005722046	-7.19999980926514	21.0666656494141	124	64	309
SYST-MOR-0007222.bam	11.7750005722046	-7.19999980926514	21.0666656494141	124	64	309
SYST-MOR-0007233.bam	11.6416664123535	-7.19999980926514	21.1166667938232	126	66	312
SYST-MOR-0007241.bam	11.3249998092651	-8.39999961853027	21.2666664123535	116	49	311
SYST-MOR-0007242.bam	11.3249998092651	-8.39999961853027	21.2666664123535	116	49	311
SYST-MOR-0007243.bam	11.3249998092651	-8.39999961853027	21.2666664123535	116	49	311
SYST-MOR-0007246.bam	11.3249998092651	-8.39999961853027	21.2666664123535	116	49	311
SYST-MOR-0007247.bam	11.3249998092651	-8.39999961853027	21.2666664123535	116	49	311
SYST-MOR-0007251.bam	11.8666667938232	-17.5	20.2333335876465	112	20	312
SYST-MOR-0007252.bam	11.8666667938232	-17.5	20.2333335876465	112	20	312
SYST-MOR-0007253.bam	11.8666667938232	-17.5	20.2333335876465	112	20	312
SYST-MOR-0007254.bam	11.9000005722046	-17.5	20.2333335876465	112	20	312
SYST-MOR-0007255.bam	11.8916664123535	-17.5	20.2333335876465	112	20	312
SYST-MOR-0007357.bam	11.6666669845581	-25.1000003814697	17.466667175293	104	16	278
SYST-MOR-0007358.bam	11.6666669845581	-25.1000003814697	17.466667175293	104	16	278
SYST-MOR-0007359.bam	11.6666669845581	-25.1000003814697	17.466667175293	104	16	278
SYST-MOR-0007360.bam	11.6666669845581	-25.1000003814697	17.466667175293	104	16	278
SYST-MOR-0007361.bam	11.6666669845581	-25.1000003814697	17.466667175293	104	16	278
SYST-MOR-0007362.bam	11.6666669845581	-25.1000003814697	17.466667175293	104	16	278
SYST-MOR-0007363.bam	11.6666669845581	-25.1000003814697	17.466667175293	104	16	278
SYST-MOR-0007364.bam	11.6666669845581	-25.1000003814697	17.466667175293	104	16	278
SYST-MOR-0007365.bam	11.6666669845581	-25.1000003814697	17.466667175293	104	16	278
SYST-MOR-0007366.bam	11.6666669845581	-25.1000003814697	17.466667175293	104	16	278
SYST-MOR-0007367.bam	11.7166662216187	-23	15.4166669845581	88	18	221
SYST-MOR-0007368.bam	11.7166662216187	-23	15.4166669845581	88	18	221
SYST-MOR-0007369.bam	11.7166662216187	-23	15.4166669845581	88	18	221
SYST-MOR-0007370.bam	11.7166662216187	-23	15.4166669845581	88	18	221
SYST-MOR-0007371.bam	11.7166662216187	-23	15.4166669845581	88	18	221
SYST-MOR-0007372.bam	11.7166662216187	-23	15.4166669845581	88	18	221
SYST-MOR-0007373.bam	11.7166662216187	-23	15.4166669845581	88	18	221
SYST-MOR-0007374.bam	11.7166662216187	-23	15.4166669845581	88	18	221
SYST-MOR-0007375.bam	11.6916666030884	-23	15.4166669845581	87	18	221
SYST-MOR-0007376.bam	11.7166662216187	-23	15.4166669845581	88	18	221
SYST-MOR-0007377.bam	11.3416662216187	-23.2000007629395	18.966667175293	92	15	249
SYST-MOR-0007378.bam	11.3416662216187	-23.2000007629395	18.966667175293	92	15	249
SYST-MOR-0007379.bam	11.3416662216187	-23.2000007629395	18.966667175293	92	15	249
SYST-MOR-0007380.bam	11.3416662216187	-23.2000007629395	18.966667175293	92	15	249
SYST-MOR-0007381.bam	11.3416662216187	-23.2000007629395	18.966667175293	92	15	249
SYST-MOR-0007382.bam	11.3416662216187	-23.2000007629395	18.966667175293	92	15	249
SYST-MOR-0007383.bam	11.3416662216187	-23.2000007629395	18.966667175293	92	15	249
SYST-MOR-0007384.bam	11.3416662216187	-23.2000007629395	18.966667175293	92	15	249
SYST-MOR-0007385.bam	11.3416662216187	-23.2000007629395	18.966667175293	92	15	249
SYST-MOR-0007386.bam	11.3416662216187	-23.2000007629395	18.966667175293	92	15	249
SYST-MOR-0007387.bam	12.3333330154419	-19.1000003814697	16.783332824707	112	21	320
SYST-MOR-0007388.bam	12.3333330154419	-19.1000003814697	16.783332824707	112	21	320
SYST-MOR-0007389.bam	12.3083333969116	-19.1000003814697	16.783332824707	112	21	318
SYST-MOR-0007390.bam	12.3083333969116	-19.1000003814697	16.783332824707	112	21	318
SYST-MOR-0007391.bam	12.3249998092651	-19.1000003814697	16.783332824707	112	21	322
SYST-MOR-0007392.bam	12.3249998092651	-19.1000003814697	16.783332824707	112	21	322
SYST-MOR-0007409.bam	12.8499994277954	-3.20000004768372	20.6666660308838	133	33	240
SYST-MOR-0007410.bam	12.8083333969116	-3.20000004768372	20.6666660308838	132	33	242
SYST-MOR-0007411.bam	12.8083333969116	-3.20000004768372	20.6666660308838	132	33	242
SYST-MOR-0007412.bam	12.8083333969116	-3.20000004768372	20.6666660308838	132	33	242
SYST-MOR-0007413.bam	12.8083333969116	-3.20000004768372	20.6666660308838	132	33	242
SYST-MOR-0007414.bam	12.8083333969116	-3.20000004768372	20.6666660308838	132	33	242
SYST-MOR-0007415.bam	12.8499994277954	-3.20000004768372	20.6666660308838	133	33	240
SYST-MOR-0007416.bam	12.8083333969116	-3.20000004768372	20.6666660308838	132	33	242
SYST-MOR-0007417.bam	12.8499994277954	-3.20000004768372	20.6666660308838	133	33	240
SYST-MOR-0007418.bam	12.8499994277954	-3.20000004768372	20.6666660308838	133	33	240
SYST-MOR-0007419.bam	13.4499998092651	-5.90000009536743	13.4000005722046	116	56	284
SYST-MOR-0007420.bam	13.4499998092651	-5.90000009536743	13.4000005722046	116	56	284
SYST-MOR-0007421.bam	13.4499998092651	-5.90000009536743	13.4000005722046	116	56	284
SYST-MOR-0007422.bam	13.4499998092651	-5.90000009536743	13.4000005722046	116	56	284
SYST-MOR-0007423.bam	13.4499998092651	-5.90000009536743	13.4000005722046	116	56	284
SYST-MOR-0007424.bam	13.4499998092651	-5.90000009536743	13.4000005722046	116	56	284
SYST-MOR-0007425.bam	10.8833332061768	-9.69999980926514	15.0500001907349	109	38	297
SYST-MOR-0007426.bam	10.8833332061768	-9.69999980926514	15.0500001907349	109	38	297
SYST-MOR-0007427.bam	10.8833332061768	-9.69999980926514	15.0500001907349	109	38	297
SYST-MOR-0007428.bam	10.8666667938232	-9.60000038146973	15.0666666030884	110	38	298
SYST-MOR-0007429.bam	10.875	-9.69999980926514	15.0333337783813	110	38	298
SYST-MOR-0007430.bam	10.8666667938232	-9.60000038146973	15.0666666030884	110	38	298
SYST-MOR-0007431.bam	10.8666667938232	-9.60000038146973	15.0666666030884	110	38	298
SYST-MOR-0007432.bam	10.8833332061768	-9.69999980926514	15.0500001907349	109	38	297
SYST-MOR-0007433.bam	10.8833332061768	-9.69999980926514	15.0500001907349	109	38	297
SYST-MOR-0007434.bam	10.8833332061768	-9.69999980926514	15.0500001907349	109	38	297
SYST-MOR-0007437.bam	11.0749998092651	-10.8999996185303	14.966667175293	93	30	224
SYST-MOR-0007440.bam	11.0166664123535	-10.8999996185303	15.0166664123535	93	29	222
SYST-MOR-0007441.bam	11.0166664123535	-10.8999996185303	15.0166664123535	93	29	222
SYST-MOR-0007444.bam	11.0749998092651	-10.8999996185303	14.966667175293	93	30	224
SYST-MOR-0007446.bam	11.8083333969116	-16.3999996185303	21.25	116	14	320
SYST-MOR-0007447.bam	11.8083333969116	-16.3999996185303	21.25	116	14	320
SYST-MOR-0007448.bam	11.8083333969116	-16.3999996185303	21.25	116	14	320
SYST-MOR-0007449.bam	11.8083333969116	-16.3999996185303	21.25	116	14	320
SYST-MOR-0007450.bam	11.8083333969116	-16.3999996185303	21.25	116	14	320
SYST-MOR-0007451.bam	11.8083333969116	-16.3999996185303	21.25	116	14	320
SYST-MOR-0007452.bam	11.8083333969116	-16.3999996185303	21.25	116	14	320
SYST-MOR-0007453.bam	11.8083333969116	-16.3999996185303	21.25	116	14	320
SYST-MOR-0007454.bam	11.8083333969116	-16.3999996185303	21.25	116	14	320
SYST-MOR-0007455.bam	12.0249996185303	-17.8999996185303	20.4499988555908	111	17	292
SYST-MOR-0007456.bam	12.0249996185303	-17.8999996185303	20.4499988555908	110	17	291
SYST-MOR-0007457.bam	12.0249996185303	-17.8999996185303	20.4499988555908	110	17	291
SYST-MOR-0007458.bam	12.0249996185303	-17.8999996185303	20.4499988555908	110	17	291
SYST-MOR-0007459.bam	12.0249996185303	-17.8999996185303	20.4499988555908	110	17	291
SYST-MOR-0007460.bam	12.0249996185303	-17.8999996185303	20.4499988555908	110	17	291
SYST-MOR-0007461.bam	12.0249996185303	-17.8999996185303	20.4499988555908	110	17	291
SYST-MOR-0007462.bam	12.0249996185303	-17.8999996185303	20.4499988555908	110	17	291
SYST-MOR-0007463.bam	12.0249996185303	-17.8999996185303	20.4499988555908	110	17	291
SYST-MOR-0007464.bam	12.0249996185303	-17.8999996185303	20.4499988555908	110	17	291
SYST-MOR-0007465.bam	12.0249996185303	-17.8999996185303	20.4499988555908	110	17	291
SYST-MOR-0007466.bam	11.5249996185303	-7.90000009536743	19.7333335876465	108	52	296
SYST-MOR-0007467.bam	11.5249996185303	-7.90000009536743	19.7333335876465	108	52	296
SYST-MOR-0007468.bam	11.5249996185303	-7.90000009536743	19.7333335876465	108	52	296
SYST-MOR-0007469.bam	11.5249996185303	-7.90000009536743	19.7333335876465	108	52	296
SYST-MOR-0007470.bam	11.5249996185303	-7.90000009536743	19.7333335876465	108	52	296
SYST-MOR-0007472.bam	11.5249996185303	-7.90000009536743	19.7333335876465	108	52	296
SYST-MOR-0007473.bam	11.5249996185303	-7.90000009536743	19.7333335876465	108	52	296
SYST-MOR-0007474.bam	11.5249996185303	-7.90000009536743	19.7333335876465	108	52	296
SYST-MOR-0007475.bam	11.5249996185303	-7.90000009536743	19.7333335876465	108	52	296
SYST-MOR-0007476.bam	11.158332824707	-8.60000038146973	19.0833339691162	105	46	295
SYST-MOR-0007477.bam	11.158332824707	-8.60000038146973	19.0833339691162	105	46	295
SYST-MOR-0007478.bam	11.158332824707	-8.60000038146973	19.0833339691162	105	46	295
SYST-MOR-0007479.bam	11.158332824707	-8.60000038146973	19.0833339691162	105	46	295
SYST-MOR-0007480.bam	11.158332824707	-8.60000038146973	19.0833339691162	105	46	295
SYST-MOR-0007481.bam	11.158332824707	-8.60000038146973	19.0833339691162	105	46	295
SYST-MOR-0007482.bam	11.158332824707	-8.60000038146973	19.0833339691162	105	46	295
SYST-MOR-0007483.bam	11.158332824707	-8.60000038146973	19.0833339691162	105	46	295
SYST-MOR-0007484.bam	11.158332824707	-8.60000038146973	19.0833339691162	105	46	295
SYST-MOR-0007485.bam	11.158332824707	-8.60000038146973	19.0833339691162	105	46	295
SYST-MOR-0007486.bam	13.1916666030884	-10.8000001907349	15	89	11	209
SYST-MOR-0007487.bam	13.1916666030884	-10.6999998092651	15.0666666030884	88	11	208
SYST-MOR-0007488.bam	13.1916666030884	-10.6999998092651	15.0666666030884	88	11	208
SYST-MOR-0007489.bam	13.283332824707	-10.6000003814697	15.2333335876465	87	11	207
SYST-MOR-0007490.bam	13.4583330154419	-10.3999996185303	15.4499998092651	88	11	205
SYST-MOR-0007491.bam	13.716667175293	-10.5	15.6499996185303	87	10	205
SYST-MOR-0007492.bam	14.1833333969116	-10.6000003814697	16.0833339691162	86	10	202
SYST-MOR-0007493.bam	14.4333333969116	-10.6000003814697	16.3166656494141	86	10	199
SYST-MOR-0007494.bam	15.2666664123535	-11.1000003814697	17.1000003814697	83	8	193
SYST-MOR-0007495.bam	15.2916660308838	-11.5	17.466667175293	80	8	186
SYST-MOR-0007496.bam	13.533332824707	-11.1999998092651	12.1833333969116	101	17	203
SYST-MOR-0007500.bam	13.2749996185303	-10.6999998092651	12.3166666030884	99	15	198
